200
94
39
25
97
112
30
20
61
156
169
91
6
154
119
194
144
191
177
74
174
99
32
13
36
121
43
76
198
140
52
123
166
42
120
115
27
137
102
113
3
78
47
118
146
86
138
37
110
62
23
165
196
34
12
199
163
7
28
195
5
33
105
149
167
148
11
63
114
187
173
1
184
157
71
127
65
45
143
29
41
109
126
159
124
160
26
24
155
151
82
40
172
48
95
183
44
142
4
106
54
134
185
179
190
50
81
35
8
111
92
84
181
186
90
9
14
60
176
132
18
73
203
135
171
188
64
55
108
51
201
170
59
49
89
22
58
161
197
130
38
158
193
2
53
150
131
152
104
100
117
88
75
122
204
21
189
72
107
15
93
180
103
